   86   214   7
         399     1.0000000000e-08
   70   1
  0   0   0   0
  2   2   0
  0   0   0
   1.600000e+01   0.000000e+00    0.000000e+00    0.000000e+00
   9.000000e+00   2.948400e+00    0.000000e+00    0.000000e+00
   9.000000e+00   0.000000e+00    2.948400e+00    0.000000e+00
   9.000000e+00   0.000000e+00    0.000000e+00    2.948400e+00
   9.000000e+00  -2.948400e+00    0.000000e+00    0.000000e+00
   9.000000e+00   0.000000e+00   -2.948400e+00    0.000000e+00
   9.000000e+00   0.000000e+00    0.000000e+00   -2.948400e+00
  5   0   0
    3.0630000000e+04     2.6190000000e-03
    4.6840000000e+03     1.9479000000e-02
    1.0940000000e+03     9.5207000000e-02
    3.1530000000e+02     3.4574200000e-01
    1.0410000000e+02     6.3628800000e-01
  3   0   0
    1.0410000000e+02     1.3070600000e-01
    3.8420000000e+01     6.5027400000e-01
    1.5450000000e+01     2.7230800000e-01
  1   0   0
    4.6560000000e+00     1.0000000000e+00
  1   0   0
    1.7590000000e+00     1.0000000000e+00
  1   0   0
    3.4090000000e-01     1.0000000000e+00
  1   0   0
    1.2380000000e-01     1.0000000000e+00
  1   0   0
    3.4480000000e-02     1.0000000000e+00
  4   1   0
    1.8770000000e+02     1.3158000000e-02
    4.3630000000e+01     9.0494000000e-02
    1.3600000000e+01     3.0505400000e-01
    4.7660000000e+00     7.1357900000e-01
  2   1   0
    4.7660000000e+00    -7.9257300000e-01
    1.7430000000e+00     1.4299870000e+00
  1   1   0
    4.1920000000e-01     1.0000000000e+00
  1   1   0
    1.2450000000e-01     1.0000000000e+00
  1   1   0
    3.3460000000e-02     1.0000000000e+00
  1   2   0
    1.2000000000e+00     1.0000000000e+00
  1   2   0
    3.0000000000e-01     1.0000000000e+00
  4   0   1
    9.9947900000e+03     6.4310000000e-03
    1.5060300000e+03     4.8757000000e-02
    3.5026900000e+02     2.3306500000e-01
    1.0405300000e+02     7.8554900000e-01
  2   0   1
    3.4843200000e+01     8.0272800000e-01
    4.3688000000e+00     3.1775200000e-01
  1   0   1
    1.2216400000e+01     1.0000000000e+00
  1   0   1
    1.2078000000e+00     1.0000000000e+00
  1   0   1
    3.6340000000e-01     1.0000000000e+00
  1   0   1
    1.0490000000e-01     1.0000000000e+00
  3   1   1
    4.4355500000e+01     4.2011000000e-02
    1.0082000000e+01     2.6189900000e-01
    2.9959000000e+00     7.9766200000e-01
  1   1   1
    9.3830000000e-01     1.0000000000e+00
  1   1   1
    2.7330000000e-01     1.0000000000e+00
  1   1   1
    8.2600000000e-02     1.0000000000e+00
  1   2   1
    2.0000000000e+00     1.0000000000e+00
  1   2   1
    5.0000000000e-01     1.0000000000e+00
  4   0   2
    9.9947900000e+03     6.4310000000e-03
    1.5060300000e+03     4.8757000000e-02
    3.5026900000e+02     2.3306500000e-01
    1.0405300000e+02     7.8554900000e-01
  2   0   2
    3.4843200000e+01     8.0272800000e-01
    4.3688000000e+00     3.1775200000e-01
  1   0   2
    1.2216400000e+01     1.0000000000e+00
  1   0   2
    1.2078000000e+00     1.0000000000e+00
  1   0   2
    3.6340000000e-01     1.0000000000e+00
  1   0   2
    1.0490000000e-01     1.0000000000e+00
  3   1   2
    4.4355500000e+01     4.2011000000e-02
    1.0082000000e+01     2.6189900000e-01
    2.9959000000e+00     7.9766200000e-01
  1   1   2
    9.3830000000e-01     1.0000000000e+00
  1   1   2
    2.7330000000e-01     1.0000000000e+00
  1   1   2
    8.2600000000e-02     1.0000000000e+00
  1   2   2
    2.0000000000e+00     1.0000000000e+00
  1   2   2
    5.0000000000e-01     1.0000000000e+00
  4   0   3
    9.9947900000e+03     6.4310000000e-03
    1.5060300000e+03     4.8757000000e-02
    3.5026900000e+02     2.3306500000e-01
    1.0405300000e+02     7.8554900000e-01
  2   0   3
    3.4843200000e+01     8.0272800000e-01
    4.3688000000e+00     3.1775200000e-01
  1   0   3
    1.2216400000e+01     1.0000000000e+00
  1   0   3
    1.2078000000e+00     1.0000000000e+00
  1   0   3
    3.6340000000e-01     1.0000000000e+00
  1   0   3
    1.0490000000e-01     1.0000000000e+00
  3   1   3
    4.4355500000e+01     4.2011000000e-02
    1.0082000000e+01     2.6189900000e-01
    2.9959000000e+00     7.9766200000e-01
  1   1   3
    9.3830000000e-01     1.0000000000e+00
  1   1   3
    2.7330000000e-01     1.0000000000e+00
  1   1   3
    8.2600000000e-02     1.0000000000e+00
  1   2   3
    2.0000000000e+00     1.0000000000e+00
  1   2   3
    5.0000000000e-01     1.0000000000e+00
  4   0   4
    9.9947900000e+03     6.4310000000e-03
    1.5060300000e+03     4.8757000000e-02
    3.5026900000e+02     2.3306500000e-01
    1.0405300000e+02     7.8554900000e-01
  2   0   4
    3.4843200000e+01     8.0272800000e-01
    4.3688000000e+00     3.1775200000e-01
  1   0   4
    1.2216400000e+01     1.0000000000e+00
  1   0   4
    1.2078000000e+00     1.0000000000e+00
  1   0   4
    3.6340000000e-01     1.0000000000e+00
  1   0   4
    1.0490000000e-01     1.0000000000e+00
  3   1   4
    4.4355500000e+01     4.2011000000e-02
    1.0082000000e+01     2.6189900000e-01
    2.9959000000e+00     7.9766200000e-01
  1   1   4
    9.3830000000e-01     1.0000000000e+00
  1   1   4
    2.7330000000e-01     1.0000000000e+00
  1   1   4
    8.2600000000e-02     1.0000000000e+00
  1   2   4
    2.0000000000e+00     1.0000000000e+00
  1   2   4
    5.0000000000e-01     1.0000000000e+00
  4   0   5
    9.9947900000e+03     6.4310000000e-03
    1.5060300000e+03     4.8757000000e-02
    3.5026900000e+02     2.3306500000e-01
    1.0405300000e+02     7.8554900000e-01
  2   0   5
    3.4843200000e+01     8.0272800000e-01
    4.3688000000e+00     3.1775200000e-01
  1   0   5
    1.2216400000e+01     1.0000000000e+00
  1   0   5
    1.2078000000e+00     1.0000000000e+00
  1   0   5
    3.6340000000e-01     1.0000000000e+00
  1   0   5
    1.0490000000e-01     1.0000000000e+00
  3   1   5
    4.4355500000e+01     4.2011000000e-02
    1.0082000000e+01     2.6189900000e-01
    2.9959000000e+00     7.9766200000e-01
  1   1   5
    9.3830000000e-01     1.0000000000e+00
  1   1   5
    2.7330000000e-01     1.0000000000e+00
  1   1   5
    8.2600000000e-02     1.0000000000e+00
  1   2   5
    2.0000000000e+00     1.0000000000e+00
  1   2   5
    5.0000000000e-01     1.0000000000e+00
  4   0   6
    9.9947900000e+03     6.4310000000e-03
    1.5060300000e+03     4.8757000000e-02
    3.5026900000e+02     2.3306500000e-01
    1.0405300000e+02     7.8554900000e-01
  2   0   6
    3.4843200000e+01     8.0272800000e-01
    4.3688000000e+00     3.1775200000e-01
  1   0   6
    1.2216400000e+01     1.0000000000e+00
  1   0   6
    1.2078000000e+00     1.0000000000e+00
  1   0   6
    3.6340000000e-01     1.0000000000e+00
  1   0   6
    1.0490000000e-01     1.0000000000e+00
  3   1   6
    4.4355500000e+01     4.2011000000e-02
    1.0082000000e+01     2.6189900000e-01
    2.9959000000e+00     7.9766200000e-01
  1   1   6
    9.3830000000e-01     1.0000000000e+00
  1   1   6
    2.7330000000e-01     1.0000000000e+00
  1   1   6
    8.2600000000e-02     1.0000000000e+00
  1   2   6
    2.0000000000e+00     1.0000000000e+00
  1   2   6
    5.0000000000e-01     1.0000000000e+00
